04400e00 00000110 04500e00 00000120 0c40e501 00000110 10400200 00480110
14400000 00000110 20400070 feff0110 2440c000 00000110 30400400 00000110
34400000 00000110 38400000 00000110 3c400700 07000110 40405300 00000110
44400000 00000110 48400000 00000110 4c400000 00000110 50400200 00000110
54400000 00000110 58400700 00000110 5c400400 00000110 60405300 00000110
64400000 00000110 68400000 00000110 6c400000 00000110 7040c002 82100110
74400000 00000110 78400100 00000110 7c400000 00000110 80400000 00000110
84400100 01000110 88400000 00000110 90400000 00000110 94400000 00000110
98400000 00000110 9c400000 00000110 a0400000 00000110 a4400000 00000110
a8400000 00000110 ac400000 00000110 c040c000 00000110 c4400000 00000110
00410000 00000110 04410000 00000110 08410000 00000110 0c410000 00000110
10410000 00000110 14410000 00000110 18410000 00000110 1c410000 00000110
20410000 00000110 24410000 00000110 28410000 00000110 2c410000 00000110
0c500400 00000120 10500000 00000120 14500700 00000120 1850c070 feff0120
1c500000 00000120 20500000 00000120 28500000 00000120 2c500000 00000120
34500800 00400120 38508071 feff0120 4050c000 00000120 44504978 01000120
48500000 00000120 4c507000 00000120 64500000 00000120 68500101 01010120
6c507000 00000120 00000000 00000000 14000000 00000101 00000000 00004100
08001800 00008100 00000000 00000000 00000000 00000000 00000000 00000000
00000000 00000000 00000000 00000000 00000000 00000000 00000000 00000000


04400e00 00000110 04500e00 00000120 0c40e501 00000110 10400200 00480110
14400000 00000110 20400070 feff0110 2440c000 00000110 30400900 00000110
34400000 00000110 38400000 00000110 3c400700 07000110 40405300 00000110
44400000 00000110 48400000 00000110 4c400000 00000110 50400200 00000110
54400000 00000110 58400700 00000110 5c400900 00000110 60405300 00000110
64400000 00000110 68400000 00000110 6c400000 00000110 7040c002 82100110
74400000 00000110 78400100 00000110 7c400000 00000110 80400000 00000110
84400100 01000110 88400000 00000110 90400000 00000110 94400000 00000110
98400000 00000110 9c400000 00000110 a0400000 00000110 a4400000 00000110
a8400000 00000110 ac400000 00000110 c040c000 00000110 c4400000 00000110
00410000 00000110 04410000 00000110 08410000 00000110 0c410000 00000110
10410000 00000110 14410000 00000110 18410000 00000110 1c410000 00000110
20410000 00000110 24410000 00000110 28410000 00000110 2c410000 00000110
0c500900 00000120 10500000 00000120 14500700 00000120 1850c070 feff0120
1c500000 00000120 20500000 00000120 28500000 00000120 2c500000 00000120
34500800 00400120 38508071 feff0120 4050c000 00000120 44504978 01000120
48500000 00000120 4c502000 00000120 64500000 00000120 68500101 01010120
6c502000 00000120 00000000 00000000 14000000 00000101 00000000 00004100
08001800 00008100 00000000 00000000 00000000 00000000 00000000 00000000
00000000 00000000 00000000 00000000 00000000 00000000 00000000 00000000


The pattern keeps repearing just some value changes